0 0 5
-0.087262 4.99924 5.001
-0.174497 4.99695 5.002
-0.26168 4.99315 5.003
-0.348782 4.98782 5.004
-0.435779 4.98097 5.005
-0.522642 4.97261 5.006
-0.609347 4.96273 5.007
-0.695866 4.95134 5.008
-0.782172 4.93844 5.009
-0.868241 4.92404 5.01
-0.954045 4.90814 5.011
-1.03956 4.89074 5.012
-1.12476 4.87185 5.013
-1.20961 4.85148 5.014
-1.2941 4.82963 5.015
-1.37819 4.80631 5.016
-1.46186 4.78152 5.017
-1.54508 4.75528 5.018
-1.62784 4.72759 5.019
-1.7101 4.69846 5.02
-1.79184 4.6679 5.021
-1.87303 4.63592 5.022
-1.95366 4.60252 5.023
-2.03368 4.56773 5.024
-2.11309 4.53154 5.025
-2.19186 4.49397 5.026
-2.26995 4.45503 5.027
-2.34736 4.41474 5.028
-2.42405 4.3731 5.029
-2.5 4.33013 5.03
-2.57519 4.28584 5.031
-2.6496 4.24024 5.032
-2.7232 4.19335 5.033
-2.79596 4.14519 5.034
-2.86788 4.09576 5.035
-2.93893 4.04508 5.036
-3.00908 3.99318 5.037
-3.07831 3.94005 5.038
-3.1466 3.88573 5.039
-3.21394 3.83022 5.04
-3.2803 3.77355 5.041
-3.34565 3.71572 5.042
-3.40999 3.65677 5.043
-3.47329 3.5967 5.044
-3.53553 3.53553 5.045
-3.5967 3.47329 5.046
-3.65677 3.40999 5.047
-3.71572 3.34565 5.048
-3.77355 3.2803 5.049
-3.83022 3.21394 5.05
-3.88573 3.1466 5.051
-3.94005 3.07831 5.052
-3.99318 3.00908 5.053
-4.04508 2.93893 5.054
-4.09576 2.86788 5.055
-4.14519 2.79596 5.056
-4.19335 2.7232 5.057
-4.24024 2.6496 5.058
-4.28584 2.57519 5.059
-4.33013 2.5 5.06
-4.3731 2.42405 5.061
-4.41474 2.34736 5.062
-4.45503 2.26995 5.063
-4.49397 2.19186 5.064
-4.53154 2.11309 5.065
-4.56773 2.03368 5.066
-4.60252 1.95366 5.067
-4.63592 1.87303 5.068
-4.6679 1.79184 5.06899
-4.69846 1.7101 5.06999
-4.72759 1.62784 5.07099
-4.75528 1.54508 5.07199
-4.78152 1.46186 5.07299
-4.80631 1.37819 5.07399
-4.82963 1.2941 5.07499
-4.85148 1.20961 5.07599
-4.87185 1.12476 5.07699
-4.89074 1.03956 5.07799
-4.90814 0.954045 5.07899
-4.92404 0.868241 5.07999
-4.93844 0.782172 5.08099
-4.95134 0.695865 5.08199
-4.96273 0.609347 5.08299
-4.97261 0.522642 5.08399
-4.98097 0.435779 5.08499
-4.98782 0.348782 5.08599
-4.99315 0.26168 5.08699
-4.99695 0.174497 5.08799
-4.99924 0.0872619 5.08899
-5 -1.16026e-07 5.08999
-4.99924 -0.0872621 5.09099
-4.99695 -0.174498 5.09199
-4.99315 -0.26168 5.09299
-4.98782 -0.348782 5.09399
-4.98097 -0.435779 5.09499
-4.97261 -0.522642 5.09599
-4.96273 -0.609347 5.09699
-4.95134 -0.695866 5.09799
-4.93844 -0.782172 5.09899
-4.92404 -0.868241 5.09999
-4.90814 -0.954045 5.10099
-4.89074 -1.03956 5.10199
-4.87185 -1.12476 5.10299
-4.85148 -1.20961 5.10399
-4.82963 -1.2941 5.10499
-4.80631 -1.37819 5.10599
-4.78152 -1.46186 5.10699
-4.75528 -1.54509 5.10799
-4.72759 -1.62784 5.10899
-4.69846 -1.7101 5.10999
-4.6679 -1.79184 5.11099
-4.63592 -1.87303 5.11199
-4.60252 -1.95366 5.11299
-4.56773 -2.03368 5.11399
-4.53154 -2.11309 5.11499
-4.49397 -2.19186 5.11599
-4.45503 -2.26995 5.11699
-4.41474 -2.34736 5.11799
-4.3731 -2.42405 5.11899
-4.33013 -2.5 5.11999
-4.28584 -2.57519 5.12099
-4.24024 -2.6496 5.12199
-4.19335 -2.7232 5.12299
-4.14519 -2.79596 5.12399
-4.09576 -2.86788 5.12499
-4.04508 -2.93893 5.12599
-3.99318 -3.00908 5.12699
-3.94005 -3.07831 5.12799
-3.88573 -3.1466 5.12899
-3.83022 -3.21394 5.12999
-3.77355 -3.2803 5.13099
-3.71572 -3.34565 5.13199
-3.65677 -3.40999 5.13299
-3.5967 -3.47329 5.13399
-3.53553 -3.53553 5.13499
-3.47329 -3.5967 5.13599
-3.40999 -3.65677 5.13699
-3.34565 -3.71572 5.13799
-3.28029 -3.77355 5.13899
-3.21394 -3.83022 5.13999
-3.1466 -3.88573 5.14099
-3.07831 -3.94005 5.14199
-3.00907 -3.99318 5.14299
-2.93893 -4.04508 5.14399
-2.86788 -4.09576 5.14499
-2.79596 -4.14519 5.14599
-2.7232 -4.19335 5.14699
-2.6496 -4.24024 5.14799
-2.57519 -4.28584 5.14899
-2.5 -4.33013 5.14999
-2.42405 -4.3731 5.15099
-2.34736 -4.41474 5.15199
-2.26995 -4.45503 5.15299
-2.19186 -4.49397 5.15399
-2.11309 -4.53154 5.15499
-2.03368 -4.56773 5.15599
-1.95366 -4.60252 5.15699
-1.87303 -4.63592 5.15799
-1.79184 -4.6679 5.15899
-1.7101 -4.69846 5.15999
-1.62784 -4.72759 5.16099
-1.54508 -4.75528 5.16199
-1.46186 -4.78152 5.16299
-1.37819 -4.80631 5.16399
-1.2941 -4.82963 5.16499
-1.20961 -4.85148 5.16599
-1.12476 -4.87185 5.16699
-1.03956 -4.89074 5.16799
-0.954045 -4.90814 5.16899
-0.868241 -4.92404 5.16999
-0.782172 -4.93844 5.17099
-0.695865 -4.95134 5.17199
-0.609347 -4.96273 5.17299
-0.522642 -4.97261 5.17399
-0.435778 -4.98097 5.17499
-0.348782 -4.98782 5.17599
-0.26168 -4.99315 5.17699
-0.174497 -4.99695 5.17799
-0.0872618 -4.99924 5.17899
2.32051e-07 -5 5.17999
0.0872623 -4.99924 5.18099
0.174498 -4.99695 5.18199
0.26168 -4.99315 5.18299
0.348783 -4.98782 5.18399
0.435779 -4.98097 5.18499
0.522643 -4.97261 5.18599
0.609347 -4.96273 5.18699
0.695866 -4.95134 5.18799
0.782173 -4.93844 5.18899
0.868241 -4.92404 5.18999
0.954045 -4.90814 5.19099
1.03956 -4.89074 5.19199
1.12476 -4.87185 5.19299
1.20961 -4.85148 5.19399
1.2941 -4.82963 5.19499
1.37819 -4.80631 5.19599
1.46186 -4.78152 5.19699
1.54509 -4.75528 5.19799
1.62784 -4.72759 5.19899
1.7101 -4.69846 5.19999
1.79184 -4.6679 5.20099
1.87303 -4.63592 5.20199
1.95366 -4.60252 5.20299
2.03368 -4.56773 5.20399
2.11309 -4.53154 5.20499
2.19186 -4.49397 5.20599
2.26995 -4.45503 5.20698
2.34736 -4.41474 5.20798
2.42405 -4.3731 5.20898
2.5 -4.33013 5.20998
2.57519 -4.28584 5.21098
2.6496 -4.24024 5.21198
2.7232 -4.19335 5.21298
2.79596 -4.14519 5.21398
2.86788 -4.09576 5.21498
2.93893 -4.04508 5.21598
3.00908 -3.99318 5.21698
3.07831 -3.94005 5.21798
3.1466 -3.88573 5.21898
3.21394 -3.83022 5.21998
3.2803 -3.77355 5.22098
3.34565 -3.71572 5.22198
3.40999 -3.65677 5.22298
3.47329 -3.5967 5.22398
3.53553 -3.53553 5.22498
3.5967 -3.47329 5.22598
3.65677 -3.40999 5.22698
3.71572 -3.34565 5.22798
3.77355 -3.28029 5.22898
3.83022 -3.21394 5.22998
3.88573 -3.1466 5.23098
3.94005 -3.07831 5.23198
3.99318 -3.00907 5.23298
4.04508 -2.93893 5.23398
4.09576 -2.86788 5.23498
4.14519 -2.79596 5.23598
4.19335 -2.72319 5.23698
4.24024 -2.6496 5.23798
4.28584 -2.57519 5.23898
4.33013 -2.5 5.23998
4.3731 -2.42405 5.24098
4.41474 -2.34736 5.24198
4.45503 -2.26995 5.24298
4.49397 -2.19186 5.24398
4.53154 -2.11309 5.24498
4.56773 -2.03368 5.24598
4.60252 -1.95366 5.24698
4.63592 -1.87303 5.24798
4.6679 -1.79184 5.24898
4.69846 -1.7101 5.24998
4.72759 -1.62784 5.25098
4.75528 -1.54508 5.25198
4.78152 -1.46186 5.25298
4.80631 -1.37819 5.25398
4.82963 -1.29409 5.25498
4.85148 -1.20961 5.25598
4.87185 -1.12475 5.25698
4.89074 -1.03956 5.25798
4.90814 -0.954045 5.25898
4.92404 -0.868241 5.25998
4.93844 -0.782172 5.26098
4.95134 -0.695865 5.26198
4.96273 -0.609346 5.26298
4.97261 -0.522642 5.26398
4.98097 -0.435778 5.26498
4.98782 -0.348782 5.26598
4.99315 -0.261679 5.26698
4.99695 -0.174497 5.26798
4.99924 -0.0872617 5.26898
5 3.48077e-07 5.26998
4.99924 0.0872624 5.27098
4.99695 0.174498 5.27198
4.99315 0.26168 5.27298
4.98782 0.348783 5.27398
4.98097 0.435779 5.27498
4.97261 0.522643 5.27598
4.96273 0.609347 5.27698
4.95134 0.695866 5.27798
4.93844 0.782173 5.27898
4.92404 0.868241 5.27998
4.90814 0.954045 5.28098
4.89074 1.03956 5.28198
4.87185 1.12476 5.28298
4.85148 1.20961 5.28398
4.82963 1.2941 5.28498
4.80631 1.37819 5.28598
4.78152 1.46186 5.28698
4.75528 1.54509 5.28798
4.72759 1.62784 5.28898
4.69846 1.7101 5.28998
4.6679 1.79184 5.29098
4.63592 1.87303 5.29198
4.60252 1.95366 5.29298
4.56773 2.03368 5.29398
4.53154 2.11309 5.29498
4.49397 2.19186 5.29598
4.45503 2.26995 5.29698
4.41474 2.34736 5.29798
4.3731 2.42405 5.29898
4.33013 2.5 5.29998
4.28584 2.57519 5.30098
4.24024 2.6496 5.30198
4.19335 2.7232 5.30298
4.14519 2.79596 5.30398
4.09576 2.86788 5.30498
4.04508 2.93893 5.30598
3.99318 3.00908 5.30698
3.94005 3.07831 5.30798
3.88573 3.1466 5.30898
3.83022 3.21394 5.30998
3.77355 3.2803 5.31098
3.71572 3.34565 5.31198
3.65677 3.40999 5.31298
3.5967 3.47329 5.31398
3.53553 3.53553 5.31498
3.47329 3.5967 5.31598
3.40999 3.65677 5.31698
3.34565 3.71572 5.31798
3.28029 3.77355 5.31898
3.21394 3.83022 5.31998
3.1466 3.88573 5.32098
3.07831 3.94005 5.32198
3.00907 3.99318 5.32298
2.93893 4.04509 5.32398
2.86788 4.09576 5.32498
2.79596 4.14519 5.32598
2.72319 4.19335 5.32698
2.6496 4.24024 5.32798
2.57519 4.28584 5.32898
2.5 4.33013 5.32998
2.42405 4.3731 5.33098
2.34736 4.41474 5.33198
2.26995 4.45503 5.33298
2.19186 4.49397 5.33398
2.11309 4.53154 5.33498
2.03368 4.56773 5.33598
1.95366 4.60252 5.33698
1.87303 4.63592 5.33798
1.79184 4.6679 5.33898
1.7101 4.69846 5.33998
1.62784 4.72759 5.34098
1.54508 4.75528 5.34198
1.46186 4.78152 5.34298
1.37819 4.80631 5.34398
1.29409 4.82963 5.34497
1.20961 4.85148 5.34597
1.12475 4.87185 5.34697
1.03956 4.89074 5.34797
0.954045 4.90814 5.34897
0.86824 4.92404 5.34997
0.782172 4.93844 5.35097
0.695865 4.95134 5.35197
0.609346 4.96273 5.35297
0.522642 4.97261 5.35397
0.435778 4.98097 5.35497
0.348782 4.98782 5.35597
0.261679 4.99315 5.35697
0.174497 4.99695 5.35797
0.0872616 4.99924 5.35897
-4.64102e-07 5 5.35997
-0.087262 4.99924 5.36097
-0.174497 4.99695 5.36197
-0.26168 4.99315 5.36297
-0.348782 4.98782 5.36397
-0.435779 4.98097 5.36497
-0.522642 4.97261 5.36597
-0.609347 4.96273 5.36697
-0.695866 4.95134 5.36797
-0.782172 4.93844 5.36897
-0.868241 4.92404 5.36997
-0.954045 4.90814 5.37097
-1.03956 4.89074 5.37197
-1.12476 4.87185 5.37297
-1.20961 4.85148 5.37397
-1.2941 4.82963 5.37497
-1.37819 4.80631 5.37597
-1.46186 4.78152 5.37697
-1.54508 4.75528 5.37797
-1.62784 4.72759 5.37897
-1.7101 4.69846 5.37997
-1.79184 4.6679 5.38097
-1.87303 4.63592 5.38197
-1.95366 4.60252 5.38297
-2.03368 4.56773 5.38397
-2.11309 4.53154 5.38497
-2.19186 4.49397 5.38597
-2.26995 4.45503 5.38697
-2.34736 4.41474 5.38797
-2.42405 4.3731 5.38897
-2.5 4.33013 5.38997
-2.57519 4.28584 5.39097
-2.6496 4.24024 5.39197
-2.7232 4.19335 5.39297
-2.79596 4.14519 5.39397
-2.86788 4.09576 5.39497
-2.93893 4.04508 5.39597
-3.00908 3.99318 5.39697
-3.07831 3.94005 5.39797
-3.1466 3.88573 5.39897
-3.21394 3.83022 5.39997
-3.2803 3.77355 5.40097
-3.34565 3.71572 5.40197
-3.40999 3.65677 5.40297
-3.47329 3.5967 5.40397
-3.53553 3.53553 5.40497
-3.5967 3.47329 5.40597
-3.65677 3.40999 5.40697
-3.71572 3.34565 5.40797
-3.77355 3.2803 5.40897
-3.83022 3.21394 5.40997
-3.88573 3.1466 5.41097
-3.94005 3.07831 5.41197
-3.99318 3.00908 5.41297
-4.04508 2.93893 5.41397
-4.09576 2.86788 5.41497
-4.14519 2.79596 5.41597
-4.19335 2.7232 5.41697
-4.24024 2.6496 5.41797
-4.28584 2.57519 5.41897
-4.33013 2.5 5.41997
-4.3731 2.42405 5.42097
-4.41474 2.34736 5.42197
-4.45503 2.26995 5.42297
-4.49397 2.19186 5.42397
-4.53154 2.11309 5.42497
-4.56773 2.03368 5.42597
-4.60252 1.95366 5.42697
-4.63592 1.87303 5.42797
-4.6679 1.79184 5.42897
-4.69846 1.7101 5.42997
-4.72759 1.62784 5.43097
-4.75528 1.54508 5.43197
-4.78152 1.46186 5.43297
-4.80631 1.37819 5.43397
-4.82963 1.2941 5.43497
-4.85148 1.20961 5.43597
-4.87185 1.12476 5.43697
-4.89074 1.03956 5.43797
-4.90814 0.954045 5.43897
-4.92404 0.868241 5.43997
-4.93844 0.782172 5.44097
-4.95134 0.695865 5.44197
-4.96273 0.609347 5.44297
-4.97261 0.522642 5.44397
-4.98097 0.435779 5.44497
-4.98782 0.348782 5.44597
-4.99315 0.26168 5.44697
-4.99695 0.174497 5.44797
-4.99924 0.0872619 5.44897
-5 -1.16026e-07 5.44997
-4.99924 -0.0872621 5.45097
-4.99695 -0.174498 5.45197
-4.99315 -0.26168 5.45297
-4.98782 -0.348782 5.45397
-4.98097 -0.435779 5.45497
-4.97261 -0.522642 5.45597
-4.96273 -0.609347 5.45697
-4.95134 -0.695866 5.45797
-4.93844 -0.782172 5.45897
-4.92404 -0.868241 5.45997
-4.90814 -0.954045 5.46097
-4.89074 -1.03956 5.46197
-4.87185 -1.12476 5.46297
-4.85148 -1.20961 5.46397
-4.82963 -1.2941 5.46497
-4.80631 -1.37819 5.46597
-4.78152 -1.46186 5.46697
-4.75528 -1.54509 5.46797
-4.72759 -1.62784 5.46897
-4.69846 -1.7101 5.46997
-4.6679 -1.79184 5.47097
-4.63592 -1.87303 5.47197
-4.60252 -1.95366 5.47297
-4.56773 -2.03368 5.47397
-4.53154 -2.11309 5.47497
-4.49397 -2.19186 5.47597
-4.45503 -2.26995 5.47697
-4.41474 -2.34736 5.47797
-4.3731 -2.42405 5.47897
-4.33013 -2.5 5.47997
-4.28584 -2.57519 5.48097
-4.24024 -2.6496 5.48197
-4.19335 -2.7232 5.48296
-4.14519 -2.79596 5.48396
-4.09576 -2.86788 5.48496
-4.04508 -2.93893 5.48596
-3.99318 -3.00908 5.48696
-3.94005 -3.07831 5.48796
-3.88573 -3.1466 5.48896
-3.83022 -3.21394 5.48996
-3.77355 -3.2803 5.49096
-3.71572 -3.34565 5.49196
-3.65677 -3.40999 5.49296
-3.5967 -3.47329 5.49396
-3.53553 -3.53553 5.49496
-3.47329 -3.5967 5.49596
-3.40999 -3.65677 5.49696
-3.34565 -3.71572 5.49796
-3.28029 -3.77355 5.49896
-3.21394 -3.83022 5.49996
-3.1466 -3.88573 5.50096
-3.07831 -3.94005 5.50196
-3.00907 -3.99318 5.50296
-2.93893 -4.04508 5.50396
-2.86788 -4.09576 5.50496
-2.79596 -4.14519 5.50596
-2.7232 -4.19335 5.50696
-2.6496 -4.24024 5.50796
-2.57519 -4.28584 5.50896
-2.5 -4.33013 5.50996
-2.42405 -4.3731 5.51096
-2.34736 -4.41474 5.51196
-2.26995 -4.45503 5.51296
-2.19186 -4.49397 5.51396
-2.11309 -4.53154 5.51496
-2.03368 -4.56773 5.51596
-1.95366 -4.60252 5.51696
-1.87303 -4.63592 5.51796
-1.79184 -4.6679 5.51896
-1.7101 -4.69846 5.51996
-1.62784 -4.72759 5.52096
-1.54508 -4.75528 5.52196
-1.46186 -4.78152 5.52296
-1.37819 -4.80631 5.52396
-1.2941 -4.82963 5.52496
-1.20961 -4.85148 5.52596
-1.12476 -4.87185 5.52696
-1.03956 -4.89074 5.52796
-0.954045 -4.90814 5.52896
-0.868241 -4.92404 5.52996
-0.782172 -4.93844 5.53096
-0.695865 -4.95134 5.53196
-0.609347 -4.96273 5.53296
-0.522642 -4.97261 5.53396
-0.435778 -4.98097 5.53496
-0.348782 -4.98782 5.53596
-0.26168 -4.99315 5.53696
-0.174497 -4.99695 5.53796
-0.0872618 -4.99924 5.53896
2.32051e-07 -5 5.53996
0.0872623 -4.99924 5.54096
0.174498 -4.99695 5.54196
0.26168 -4.99315 5.54296
0.348783 -4.98782 5.54396
0.435779 -4.98097 5.54496
0.522643 -4.97261 5.54596
0.609347 -4.96273 5.54696
0.695866 -4.95134 5.54796
0.782173 -4.93844 5.54896
0.868241 -4.92404 5.54996
0.954045 -4.90814 5.55096
1.03956 -4.89074 5.55196
1.12476 -4.87185 5.55296
1.20961 -4.85148 5.55396
1.2941 -4.82963 5.55496
1.37819 -4.80631 5.55596
1.46186 -4.78152 5.55696
1.54509 -4.75528 5.55796
1.62784 -4.72759 5.55896
1.7101 -4.69846 5.55996
1.79184 -4.6679 5.56096
1.87303 -4.63592 5.56196
1.95366 -4.60252 5.56296
2.03368 -4.56773 5.56396
2.11309 -4.53154 5.56496
2.19186 -4.49397 5.56596
2.26995 -4.45503 5.56696
2.34736 -4.41474 5.56796
2.42405 -4.3731 5.56896
2.5 -4.33013 5.56996
2.57519 -4.28584 5.57096
2.6496 -4.24024 5.57196
2.7232 -4.19335 5.57296
2.79596 -4.14519 5.57396
2.86788 -4.09576 5.57496
2.93893 -4.04508 5.57596
3.00908 -3.99318 5.57696
3.07831 -3.94005 5.57796
3.1466 -3.88573 5.57896
3.21394 -3.83022 5.57996
3.2803 -3.77355 5.58096
3.34565 -3.71572 5.58196
3.40999 -3.65677 5.58296
3.47329 -3.5967 5.58396
3.53553 -3.53553 5.58496
3.5967 -3.47329 5.58596
3.65677 -3.40999 5.58696
3.71572 -3.34565 5.58796
3.77355 -3.28029 5.58896
3.83022 -3.21394 5.58996
3.88573 -3.1466 5.59096
3.94005 -3.07831 5.59196
3.99318 -3.00907 5.59296
4.04508 -2.93893 5.59396
4.09576 -2.86788 5.59496
4.14519 -2.79596 5.59596
4.19335 -2.72319 5.59696
4.24024 -2.6496 5.59796
4.28584 -2.57519 5.59896
4.33013 -2.5 5.59996
4.3731 -2.42405 5.60096
4.41474 -2.34736 5.60196
4.45503 -2.26995 5.60296
4.49397 -2.19186 5.60396
4.53154 -2.11309 5.60496
4.56773 -2.03368 5.60596
4.60252 -1.95366 5.60696
4.63592 -1.87303 5.60796
4.6679 -1.79184 5.60896
4.69846 -1.7101 5.60996
4.72759 -1.62784 5.61096
4.75528 -1.54508 5.61196
4.78152 -1.46186 5.61296
4.80631 -1.37819 5.61396
4.82963 -1.29409 5.61496
4.85148 -1.20961 5.61596
4.87185 -1.12475 5.61696
4.89074 -1.03956 5.61796
4.90814 -0.954045 5.61896
4.92404 -0.868241 5.61996
4.93844 -0.782172 5.62095
4.95134 -0.695865 5.62195
4.96273 -0.609346 5.62295
4.97261 -0.522642 5.62395
4.98097 -0.435778 5.62495
4.98782 -0.348782 5.62595
4.99315 -0.261679 5.62695
4.99695 -0.174497 5.62795
4.99924 -0.0872617 5.62895
5 3.48077e-07 5.62995
4.99924 0.0872624 5.63095
4.99695 0.174498 5.63195
4.99315 0.26168 5.63295
4.98782 0.348783 5.63395
4.98097 0.435779 5.63495
4.97261 0.522643 5.63595
4.96273 0.609347 5.63695
4.95134 0.695866 5.63795
4.93844 0.782173 5.63895
4.92404 0.868241 5.63995
4.90814 0.954045 5.64095
4.89074 1.03956 5.64195
4.87185 1.12476 5.64295
4.85148 1.20961 5.64395
4.82963 1.2941 5.64495
4.80631 1.37819 5.64595
4.78152 1.46186 5.64695
4.75528 1.54509 5.64795
4.72759 1.62784 5.64895
4.69846 1.7101 5.64995
4.6679 1.79184 5.65095
4.63592 1.87303 5.65195
4.60252 1.95366 5.65295
4.56773 2.03368 5.65395
4.53154 2.11309 5.65495
4.49397 2.19186 5.65595
4.45503 2.26995 5.65695
4.41474 2.34736 5.65795
4.3731 2.42405 5.65895
4.33013 2.5 5.65995
4.28584 2.57519 5.66095
4.24024 2.6496 5.66195
4.19335 2.7232 5.66295
4.14519 2.79596 5.66395
4.09576 2.86788 5.66495
4.04508 2.93893 5.66595
3.99318 3.00908 5.66695
3.94005 3.07831 5.66795
3.88573 3.1466 5.66895
3.83022 3.21394 5.66995
3.77355 3.2803 5.67095
3.71572 3.34565 5.67195
3.65677 3.40999 5.67295
3.5967 3.47329 5.67395
3.53553 3.53553 5.67495
3.47329 3.5967 5.67595
3.40999 3.65677 5.67695
3.34565 3.71572 5.67795
3.28029 3.77355 5.67895
3.21394 3.83022 5.67995
3.1466 3.88573 5.68095
3.07831 3.94005 5.68195
3.00907 3.99318 5.68295
2.93893 4.04509 5.68395
2.86788 4.09576 5.68495
2.79596 4.14519 5.68595
2.72319 4.19335 5.68695
2.6496 4.24024 5.68795
2.57519 4.28584 5.68895
2.5 4.33013 5.68995
2.42405 4.3731 5.69095
2.34736 4.41474 5.69195
2.26995 4.45503 5.69295
2.19186 4.49397 5.69395
2.11309 4.53154 5.69495
2.03368 4.56773 5.69595
1.95366 4.60252 5.69695
1.87303 4.63592 5.69795
1.79184 4.6679 5.69895
1.7101 4.69846 5.69995
1.62784 4.72759 5.70095
1.54508 4.75528 5.70195
1.46186 4.78152 5.70295
1.37819 4.80631 5.70395
1.29409 4.82963 5.70495
1.20961 4.85148 5.70595
1.12475 4.87185 5.70695
1.03956 4.89074 5.70795
0.954045 4.90814 5.70895
0.86824 4.92404 5.70995
0.782172 4.93844 5.71095
0.695865 4.95134 5.71195
0.609346 4.96273 5.71295
0.522642 4.97261 5.71395
0.435778 4.98097 5.71495
0.348782 4.98782 5.71595
0.261679 4.99315 5.71695
0.174497 4.99695 5.71795
0.0872616 4.99924 5.71895
-4.64102e-07 5 5.71995
-0.087262 4.99924 5.72095
-0.174497 4.99695 5.72195
-0.26168 4.99315 5.72295
-0.348782 4.98782 5.72395
-0.435779 4.98097 5.72495
-0.522642 4.97261 5.72595
-0.609347 4.96273 5.72695
-0.695866 4.95134 5.72795
-0.782172 4.93844 5.72895
-0.868241 4.92404 5.72995
-0.954045 4.90814 5.73095
-1.03956 4.89074 5.73195
-1.12476 4.87185 5.73295
-1.20961 4.85148 5.73395
-1.2941 4.82963 5.73495
-1.37819 4.80631 5.73595
-1.46186 4.78152 5.73695
-1.54508 4.75528 5.73795
-1.62784 4.72759 5.73895
-1.7101 4.69846 5.73995
-1.79184 4.6679 5.74095
-1.87303 4.63592 5.74195
-1.95366 4.60252 5.74295
-2.03368 4.56773 5.74395
-2.11309 4.53154 5.74495
-2.19186 4.49397 5.74595
-2.26995 4.45503 5.74695
-2.34736 4.41474 5.74795
-2.42405 4.3731 5.74895
-2.5 4.33013 5.74995
-2.57519 4.28584 5.75095
-2.6496 4.24024 5.75195
-2.7232 4.19335 5.75295
-2.79596 4.14519 5.75395
-2.86788 4.09576 5.75495
-2.93893 4.04508 5.75595
-3.00908 3.99318 5.75695
-3.07831 3.94005 5.75795
-3.1466 3.88573 5.75894
-3.21394 3.83022 5.75994
-3.2803 3.77355 5.76094
-3.34565 3.71572 5.76194
-3.40999 3.65677 5.76294
-3.47329 3.5967 5.76394
-3.53553 3.53553 5.76494
-3.5967 3.47329 5.76594
-3.65677 3.40999 5.76694
-3.71572 3.34565 5.76794
-3.77355 3.2803 5.76894
-3.83022 3.21394 5.76994
-3.88573 3.1466 5.77094
-3.94005 3.07831 5.77194
-3.99318 3.00908 5.77294
-4.04508 2.93893 5.77394
-4.09576 2.86788 5.77494
-4.14519 2.79596 5.77594
-4.19335 2.7232 5.77694
-4.24024 2.6496 5.77794
-4.28584 2.57519 5.77894
-4.33013 2.5 5.77994
-4.3731 2.42405 5.78094
-4.41474 2.34736 5.78194
-4.45503 2.26995 5.78294
-4.49397 2.19186 5.78394
-4.53154 2.11309 5.78494
-4.56773 2.03368 5.78594
-4.60252 1.95366 5.78694
-4.63592 1.87303 5.78794
-4.6679 1.79184 5.78894
-4.69846 1.7101 5.78994
-4.72759 1.62784 5.79094
-4.75528 1.54508 5.79194
-4.78152 1.46186 5.79294
-4.80631 1.37819 5.79394
-4.82963 1.2941 5.79494
-4.85148 1.20961 5.79594
-4.87185 1.12476 5.79694
-4.89074 1.03956 5.79794
-4.90814 0.954045 5.79894
-4.92404 0.868241 5.79994
-4.93844 0.782172 5.80094
-4.95134 0.695865 5.80194
-4.96273 0.609347 5.80294
-4.97261 0.522642 5.80394
-4.98097 0.435779 5.80494
-4.98782 0.348782 5.80594
-4.99315 0.26168 5.80694
-4.99695 0.174497 5.80794
-4.99924 0.0872619 5.80894
-5 -1.16026e-07 5.80994
-4.99924 -0.0872621 5.81094
-4.99695 -0.174498 5.81194
-4.99315 -0.26168 5.81294
-4.98782 -0.348782 5.81394
-4.98097 -0.435779 5.81494
-4.97261 -0.522642 5.81594
-4.96273 -0.609347 5.81694
-4.95134 -0.695866 5.81794
-4.93844 -0.782172 5.81894
-4.92404 -0.868241 5.81994
-4.90814 -0.954045 5.82094
-4.89074 -1.03956 5.82194
-4.87185 -1.12476 5.82294
-4.85148 -1.20961 5.82394
-4.82963 -1.2941 5.82494
-4.80631 -1.37819 5.82594
-4.78152 -1.46186 5.82694
-4.75528 -1.54509 5.82794
-4.72759 -1.62784 5.82894
-4.69846 -1.7101 5.82994
-4.6679 -1.79184 5.83094
-4.63592 -1.87303 5.83194
-4.60252 -1.95366 5.83294
-4.56773 -2.03368 5.83394
-4.53154 -2.11309 5.83494
-4.49397 -2.19186 5.83594
-4.45503 -2.26995 5.83694
-4.41474 -2.34736 5.83794
-4.3731 -2.42405 5.83894
-4.33013 -2.5 5.83994
-4.28584 -2.57519 5.84094
-4.24024 -2.6496 5.84194
-4.19335 -2.7232 5.84294
-4.14519 -2.79596 5.84394
-4.09576 -2.86788 5.84494
-4.04508 -2.93893 5.84594
-3.99318 -3.00908 5.84694
-3.94005 -3.07831 5.84794
-3.88573 -3.1466 5.84894
-3.83022 -3.21394 5.84994
-3.77355 -3.2803 5.85094
-3.71572 -3.34565 5.85194
-3.65677 -3.40999 5.85294
-3.5967 -3.47329 5.85394
-3.53553 -3.53553 5.85494
-3.47329 -3.5967 5.85594
-3.40999 -3.65677 5.85694
-3.34565 -3.71572 5.85794
-3.28029 -3.77355 5.85894
-3.21394 -3.83022 5.85994
-3.1466 -3.88573 5.86094
-3.07831 -3.94005 5.86194
-3.00907 -3.99318 5.86294
-2.93893 -4.04508 5.86394
-2.86788 -4.09576 5.86494
-2.79596 -4.14519 5.86594
-2.7232 -4.19335 5.86694
-2.6496 -4.24024 5.86794
-2.57519 -4.28584 5.86894
-2.5 -4.33013 5.86994
-2.42405 -4.3731 5.87094
-2.34736 -4.41474 5.87194
-2.26995 -4.45503 5.87294
-2.19186 -4.49397 5.87394
-2.11309 -4.53154 5.87494
-2.03368 -4.56773 5.87594
-1.95366 -4.60252 5.87694
-1.87303 -4.63592 5.87794
-1.79184 -4.6679 5.87894
-1.7101 -4.69846 5.87994
-1.62784 -4.72759 5.88094
-1.54508 -4.75528 5.88194
-1.46186 -4.78152 5.88294
-1.37819 -4.80631 5.88394
-1.2941 -4.82963 5.88494
-1.20961 -4.85148 5.88594
-1.12476 -4.87185 5.88694
-1.03956 -4.89074 5.88794
-0.954045 -4.90814 5.88894
-0.868241 -4.92404 5.88994
-0.782172 -4.93844 5.89094
-0.695865 -4.95134 5.89194
-0.609347 -4.96273 5.89294
-0.522642 -4.97261 5.89394
-0.435778 -4.98097 5.89494
-0.348782 -4.98782 5.89594
-0.26168 -4.99315 5.89693
-0.174497 -4.99695 5.89793
-0.0872618 -4.99924 5.89893
2.32051e-07 -5 5.89993
0.0872623 -4.99924 5.90093
0.174498 -4.99695 5.90193
0.26168 -4.99315 5.90293
0.348783 -4.98782 5.90393
0.435779 -4.98097 5.90493
0.522643 -4.97261 5.90593
0.609347 -4.96273 5.90693
0.695866 -4.95134 5.90793
0.782173 -4.93844 5.90893
0.868241 -4.92404 5.90993
0.954045 -4.90814 5.91093
1.03956 -4.89074 5.91193
1.12476 -4.87185 5.91293
1.20961 -4.85148 5.91393
1.2941 -4.82963 5.91493
1.37819 -4.80631 5.91593
1.46186 -4.78152 5.91693
1.54509 -4.75528 5.91793
1.62784 -4.72759 5.91893
1.7101 -4.69846 5.91993
1.79184 -4.6679 5.92093
1.87303 -4.63592 5.92193
1.95366 -4.60252 5.92293
2.03368 -4.56773 5.92393
2.11309 -4.53154 5.92493
2.19186 -4.49397 5.92593
2.26995 -4.45503 5.92693
2.34736 -4.41474 5.92793
2.42405 -4.3731 5.92893
2.5 -4.33013 5.92993
2.57519 -4.28584 5.93093
2.6496 -4.24024 5.93193
2.7232 -4.19335 5.93293
2.79596 -4.14519 5.93393
2.86788 -4.09576 5.93493
2.93893 -4.04508 5.93593
3.00908 -3.99318 5.93693
3.07831 -3.94005 5.93793
3.1466 -3.88573 5.93893
3.21394 -3.83022 5.93993
3.2803 -3.77355 5.94093
3.34565 -3.71572 5.94193
3.40999 -3.65677 5.94293
3.47329 -3.5967 5.94393
3.53553 -3.53553 5.94493
3.5967 -3.47329 5.94593
3.65677 -3.40999 5.94693
3.71572 -3.34565 5.94793
3.77355 -3.28029 5.94893
3.83022 -3.21394 5.94993
3.88573 -3.1466 5.95093
3.94005 -3.07831 5.95193
3.99318 -3.00907 5.95293
4.04508 -2.93893 5.95393
4.09576 -2.86788 5.95493
4.14519 -2.79596 5.95593
4.19335 -2.72319 5.95693
4.24024 -2.6496 5.95793
4.28584 -2.57519 5.95893
4.33013 -2.5 5.95993
4.3731 -2.42405 5.96093
4.41474 -2.34736 5.96193
4.45503 -2.26995 5.96293
4.49397 -2.19186 5.96393
4.53154 -2.11309 5.96493
4.56773 -2.03368 5.96593
4.60252 -1.95366 5.96693
4.63592 -1.87303 5.96793
4.6679 -1.79184 5.96893
4.69846 -1.7101 5.96993
4.72759 -1.62784 5.97093
4.75528 -1.54508 5.97193
4.78152 -1.46186 5.97293
4.80631 -1.37819 5.97393
4.82963 -1.29409 5.97493
4.85148 -1.20961 5.97593
4.87185 -1.12475 5.97693
4.89074 -1.03956 5.97793
4.90814 -0.954045 5.97893
4.92404 -0.868241 5.97993
4.93844 -0.782172 5.98093
4.95134 -0.695865 5.98193
4.96273 -0.609346 5.98293
4.97261 -0.522642 5.98393
4.98097 -0.435778 5.98493
4.98782 -0.348782 5.98593
4.99315 -0.261679 5.98693
4.99695 -0.174497 5.98793
4.99924 -0.0872617 5.98893
5 3.48077e-07 5.98993
4.99924 0.0872624 5.99093
4.99695 0.174498 5.99193
4.99315 0.26168 5.99293
4.98782 0.348783 5.99393
4.98097 0.435779 5.99493
4.97261 0.522643 5.99593
4.96273 0.609347 5.99693
4.95134 0.695866 5.99793
4.93844 0.782173 5.99893
4.92404 0.868241 5.99993
4.90814 0.954045 6.00093
4.89074 1.03956 6.00193
4.87185 1.12476 6.00293
4.85148 1.20961 6.00393
4.82963 1.2941 6.00493
4.80631 1.37819 6.00593
4.78152 1.46186 6.00693
4.75528 1.54509 6.00793
4.72759 1.62784 6.00893
4.69846 1.7101 6.00993
4.6679 1.79184 6.01093
4.63592 1.87303 6.01193
4.60252 1.95366 6.01293
4.56773 2.03368 6.01393
4.53154 2.11309 6.01493
4.49397 2.19186 6.01593
4.45503 2.26995 6.01693
4.41474 2.34736 6.01793
4.3731 2.42405 6.01893
4.33013 2.5 6.01993
4.28584 2.57519 6.02093
4.24024 2.6496 6.02193
4.19335 2.7232 6.02293
4.14519 2.79596 6.02393
4.09576 2.86788 6.02493
4.04508 2.93893 6.02593
3.99318 3.00908 6.02693
3.94005 3.07831 6.02793
3.88573 3.1466 6.02893
3.83022 3.21394 6.02993
3.77355 3.2803 6.03093
3.71572 3.34565 6.03193
3.65677 3.40999 6.03293
3.5967 3.47329 6.03393
3.53553 3.53553 6.03492
3.47329 3.5967 6.03592
3.40999 3.65677 6.03692
3.34565 3.71572 6.03792
3.28029 3.77355 6.03892
3.21394 3.83022 6.03992
3.1466 3.88573 6.04092
3.07831 3.94005 6.04192
3.00907 3.99318 6.04292
2.93893 4.04509 6.04392
2.86788 4.09576 6.04492
2.79596 4.14519 6.04592
2.72319 4.19335 6.04692
2.6496 4.24024 6.04792
2.57519 4.28584 6.04892
2.5 4.33013 6.04992
2.42405 4.3731 6.05092
2.34736 4.41474 6.05192
2.26995 4.45503 6.05292
2.19186 4.49397 6.05392
2.11309 4.53154 6.05492
2.03368 4.56773 6.05592
1.95366 4.60252 6.05692
1.87303 4.63592 6.05792
1.79184 4.6679 6.05892
1.7101 4.69846 6.05992
1.62784 4.72759 6.06092
1.54508 4.75528 6.06192
1.46186 4.78152 6.06292
1.37819 4.80631 6.06392
1.29409 4.82963 6.06492
1.20961 4.85148 6.06592
1.12475 4.87185 6.06692
1.03956 4.89074 6.06792
0.954045 4.90814 6.06892
0.86824 4.92404 6.06992
0.782172 4.93844 6.07092
0.695865 4.95134 6.07192
0.609346 4.96273 6.07292
0.522642 4.97261 6.07392
0.435778 4.98097 6.07492
0.348782 4.98782 6.07592
0.261679 4.99315 6.07692
0.174497 4.99695 6.07792
0.0872616 4.99924 6.07892
